997, 997
901, 901
510, 510
330, 330
440, 440
624, 624
210, 210
310, 310
649, 649
341, 341
350, 350
420, 420
930, 930
950, 950
745, 745
230, 230
331, 331
946, 946
813, 813
354, 354
121, 121
922, 922
410, 410
910, 910
122, 122
664, 664
761, 761
251, 251
740, 740
662, 662
900, 900
888, 888
928, 928
668, 668
442, 442
320, 320
626, 626
343, 343
220, 220
902, 902
753, 753
647, 647
956, 956
474, 474
231, 231
235, 235
653, 653
236, 236
437, 437
441, 441
421, 421
886, 886
812, 812
110, 110
860, 860
351, 351
806, 806
920, 920
850, 850
648, 648
434, 434
480, 480
237, 237
625, 625
627, 627
933, 933
815, 815
810, 810
943, 943
623, 623
821, 821
763, 763
755, 755
433, 433
520, 520
652, 652
660, 660
940, 940
951, 951
954, 954
762, 762
932, 932
949, 949
670, 670
661, 661
654, 654
820, 820
890, 890
805, 805
651, 651
352, 352
471, 471
666, 666
487, 487
944, 944
439, 439
870, 870
756, 756
622, 622
250, 250
443, 443
450, 450
438, 438
884, 884
903, 903
435, 435
942, 942
475, 475
880, 880
345, 345
473, 473
948, 948
924, 924
444, 444
845, 845
840, 840
451, 451
430, 430
952, 952
111, 111
431, 431
436, 436
353, 353
882, 882
349, 349
865, 865
485, 485
347, 347
931, 931
446, 446
470, 470
814, 814
445, 445
830, 830
452, 452
